version https://git-lfs.github.com/spec/v1
oid sha256:3901d075d2dfde1408b92882e218271a713e580df9d33071b05cb7454fe7a5cd
size 1997
