version https://git-lfs.github.com/spec/v1
oid sha256:01f8bfab2d9ecf9439d134dcac3d767779eae8a0bc21b04c6df710c5acb01bfc
size 732
