version https://git-lfs.github.com/spec/v1
oid sha256:0d1b036ea8656525c93d3b3b36e6d2ca4f55aa82276a5b303c78df5871db79e2
size 4014
