version https://git-lfs.github.com/spec/v1
oid sha256:e60802ecef0a5c9fcf9c950a1d84cbf3b67b014ea0e2c035579372008c6d846b
size 22
