version https://git-lfs.github.com/spec/v1
oid sha256:7868d82bf6302967d2a2761525738e28d34f5c5fdecd2c385dd0dd5623f46a58
size 16394
