version https://git-lfs.github.com/spec/v1
oid sha256:874410541a45b8f047db89d161ecdac2d82e3a15280f84c0df338841f659c725
size 67
