version https://git-lfs.github.com/spec/v1
oid sha256:43c072dacc24f5284819937f79b2b063b893bf345deb6ba5516dd4227d8f0ca4
size 10970
