version https://git-lfs.github.com/spec/v1
oid sha256:6e1535a2a886a9c682408f1010e35e81990cfc132a719184b7d6e05414191d18
size 1720
