version https://git-lfs.github.com/spec/v1
oid sha256:1c1745850ffe1d74622319ddc0f71f91dc9dd5131b8c38a380436dabee1dc7ae
size 736
