version https://git-lfs.github.com/spec/v1
oid sha256:814e58a07ef5e982a70e17bc4aaabf64465ae6f119982011c4956c155dd9cf67
size 133
