version https://git-lfs.github.com/spec/v1
oid sha256:fec828c2eadff0859306a41d20efe4406dc6f310b3e2eb3b618b0ce16ffab1f8
size 5920
