version https://git-lfs.github.com/spec/v1
oid sha256:c45f9c4691286a385fd539062b5c83c6439fa5d4939a197d3bf5423902fef979
size 642
