version https://git-lfs.github.com/spec/v1
oid sha256:951afd7873d20dbc109eccf801c02c95b72ad5cfe6d7b1605bfbf6c67db7e683
size 563
