version https://git-lfs.github.com/spec/v1
oid sha256:66e52bfc58cf8064a921589b9222bdb910b836c46445017e0d006dc20c87e919
size 1911
